0 0
0.0505051 0.195001
0.10101 0.376445
0.151515 0.545037
0.20202 0.701459
0.252525 0.846367
0.303029 0.980394
0.353532 1.10415
0.404034 1.21823
0.454533 1.32319
0.505029 1.41958
0.555522 1.50792
0.606008 1.58871
0.656488 1.66243
0.706958 1.72955
0.757416 1.79049
0.80786 1.8457
0.858287 1.89556
0.908694 1.94045
0.959075 1.98075
1.00943 2.01681
1.05975 2.04894
1.11003 2.07746
1.16026 2.10267
1.21045 2.12485
1.26057 2.14425
1.31063 2.16114
1.36062 2.17573
1.41052 2.18824
1.46033 2.19889
1.51004 2.20785
1.55964 2.21531
1.6091 2.22142
1.65844 2.22634
1.70762 2.23019
1.75663 2.23312
1.80547 2.23522
1.8541 2.2366
1.90253 2.23735
1.95072 2.23755
1.99867 2.23728
2.04634 2.23658
2.09373 2.23552
2.1408 2.23413
2.18754 2.23245
2.23392 2.2305
2.27992 2.22831
2.3255 2.22588
2.37066 2.22321
2.41534 2.2203
2.45953 2.21714
2.5032 2.21372
2.5463 2.21001
2.58882 2.206
2.63071 2.20164
2.67193 2.1969
2.71246 2.19176
2.75225 2.18615
2.79126 2.18004
2.82944 2.17339
2.86677 2.16613
2.90318 2.15822
2.93864 2.14961
2.9731 2.14024
3.00651 2.13005
3.03881 2.11898
3.06996 2.107
3.0999 2.09403
3.12857 2.08002
3.15592 2.06492
3.18189 2.04868
3.20642 2.03125
3.22944 2.01258
3.25089 1.99263
3.2707 1.97135
3.28881 1.94871
3.30514 1.92468
3.31963 1.89922
3.3322 1.87231
3.34277 1.84393
3.35127 1.81407
3.35761 1.78272
3.36172 1.74988
3.36351 1.71554
3.36289 1.67974
3.35979 1.64247
3.35409 1.60378
3.34572 1.5637
3.33459 1.52226
3.32058 1.47953
3.30361 1.43557
3.28358 1.39045
3.26037 1.34425
3.23389 1.29707
3.20402 1.24901
3.17066 1.20018
3.1337 1.15073
3.09301 1.10077
3.04848 1.05047
3 1
